[{"id": 0, "img_name": "2020_08_01__11_38_23", "width": 2390, "height": 2393, "position": [-0.6314126877625473, -1.6540744433177723, -5.05432650449913], "rotation": [[0.9640601150087581, 0.02136179240680476, 0.2648240330379194], [-0.07282826562785993, 0.9798307346969114, 0.1860853972480072], [-0.25550760923099397, -0.19868418449509095, 0.9461714730727103]], "fy": 2590.0725949481944, "fx": 2594.130896557771}, {"id": 1, "img_name": "2020_08_01__11_38_33", "width": 2390, "height": 2393, "position": [-0.32446527702480016, -1.2984097050252112, -3.9476497183374892], "rotation": [[0.9476059180596834, 0.035805807552695246, 0.3174286820748307], [-0.08370275414502047, 0.9868101647461316, 0.1385624325069776], [-0.308280510261033, -0.1578722359986449, 0.9381041968214328]], "fy": 2590.0725949481944, "fx": 2594.130896557771}, {"id": 2, "img_name": "2020_08_01__11_38_38", "width": 2390, "height": 2393, "position": [-0.003694627570925824, -1.1549628790589803, -3.5513211144279726], "rotation": [[0.9634504193001622, 0.045252362383610543, 0.26403695432466184], [-0.08517160030607229, 0.9862304298674881, 0.14175802518620254], [-0.25398639343800256, -0.15906527874458257, 0.9540383373042534]], "fy": 2590.0725949481944, "fx": 2594.130896557771}, {"id": 3, "img_name": "2020_08_01__11_38_43", "width": 2390, "height": 2393, "position": [0.36922905046275895, -1.098805384288247, -3.4042641920559777], "rotation": [[0.9853055267760865, 0.018157237653337273, 0.1698332524133563], [-0.038844705050055744, 0.9920987714475872, 0.11929424370757545], [-0.1663253071365652, -0.12413840023533596, 0.9782257151562409]], "fy": 2590.0725949481944, "fx": 2594.130896557771}, {"id": 4, "img_name": "2020_08_01__11_38_49", "width": 2390, "height": 2393, "position": [0.7332189836820115, -1.0239817197909706, -3.225188549622007], "rotation": [[0.9924952852572048, -0.005404813502941674, 0.12216340177490977], [-0.007244754488859796, 0.9946689033979194, 0.10286537875095006], [-0.12206810506686731, -0.10297844727989777, 0.9871650404675023]], "fy": 2590.0725949481944, "fx": 2594.130896557771}, {"id": 5, "img_name": "2020_08_01__11_38_59", "width": 2390, "height": 2393, "position": [0.9447475858771235, -0.8456169106221197, -2.703474895105291], "rotation": [[0.9999807018511891, -0.005558324514729086, 0.002775059241191952], [0.00555364647051229, 0.9999831492734845, 0.0016906152621552172], [-0.0027844094676842276, -0.0016751709384499982, 0.9999947204191846]], "fy": 2590.0725949481944, "fx": 2594.130896557771}, {"id": 6, "img_name": "2020_08_01__11_39_01", "width": 2390, "height": 2393, "position": [0.9589530832085447, -0.8455963510299506, -2.7102776254732963], "rotation": [[0.9550819277491421, 0.05014136034929593, 0.2920690933140722], [-0.0757787276204507, 0.9941370281552824, 0.07713075709993192], [-0.2864892593574979, -0.0957988164483529, 0.9532819577857787]], "fy": 2590.0725949481944, "fx": 2594.130896557771}, {"id": 7, "img_name": "2020_08_01__11_39_08", "width": 2390, "height": 2393, "position": [1.397802208034109, -0.7286972267044498, -2.3373050123110812], "rotation": [[0.9953562521518268, -0.025698105415632295, 0.09276604271130774], [0.024496303456747078, 0.9996008910194577, 0.014070884480418495], [-0.09309061402324127, -0.0117331177081529, 0.9955885051212787]], "fy": 2590.0725949481944, "fx": 2594.130896557771}, {"id": 8, "img_name": "2020_08_01__11_39_11", "width": 2390, "height": 2393, "position": [1.3798132887289403, -0.7297797989380838, -2.3320234880244217], "rotation": [[0.9496267008012089, -0.11939071257237194, -0.28974986950277026], [0.12072041146565482, 0.9925968060378618, -0.013347767566085396], [0.28919839449930235, -0.02230332699165116, 0.9570093260904667]], "fy": 2590.0725949481944, "fx": 2594.130896557771}, {"id": 9, "img_name": "2020_08_01__11_39_29", "width": 2390, "height": 2393, "position": [-0.08636206377608141, -0.691815577045361, -2.1404120444404637], "rotation": [[0.9841480635016224, 0.010747854420428934, 0.1770228028570436], [-0.038944401197197616, 0.9868955481693705, 0.15659026348681226], [-0.17302000670846765, -0.16100205162927225, 0.9716699113638166]], "fy": 2590.0725949481944, "fx": 2594.130896557771}, {"id": 10, "img_name": "2020_08_01__11_39_46", "width": 2390, "height": 2393, "position": [-0.8450137424239472, -0.6374183514215521, -1.9326652457404156], "rotation": [[0.7460115856834669, 0.1325779709543734, 0.6526023258031346], [-0.18897943311672724, 0.9818413195168268, 0.016564937317627586], [-0.6385557829077422, -0.1356860527360047, 0.7575195094570187]], "fy": 2590.0725949481944, "fx": 2594.130896557771}, {"id": 11, "img_name": "2020_08_01__11_39_47", "width": 2390, "height": 2393, "position": [-0.8391372736074251, -0.6360264199886614, -1.925209649836696], "rotation": [[0.7618387757879508, 0.11448062522968566, 0.6375702833044657], [-0.17424978056257284, 0.9841977637622256, 0.031492471788185775], [-0.6238899692091641, -0.1350886681126686, 0.7697482433027916]], "fy": 2590.0725949481944, "fx": 2594.130896557771}, {"id": 12, "img_name": "2020_08_01__11_39_59", "width": 2390, "height": 2393, "position": [-1.2401020615647178, -0.3976963501395004, -1.127658609260959], "rotation": [[0.7921081295941887, 0.128355420194226, 0.5967324334553632], [-0.210572077899701, 0.9750848769588374, 0.06977737982449031], [-0.5729084665457459, -0.18092641828360123, 0.7994007256234319]], "fy": 2590.0725949481944, "fx": 2594.130896557771}, {"id": 13, "img_name": "2020_08_01__11_40_06", "width": 2390, "height": 2393, "position": [-1.496013625059741, -0.28088834864728107, -0.839035576884122], "rotation": [[0.48900415063983055, 0.1546543806143311, 0.8584619754035794], [-0.28447588453102796, 0.9586240018018448, -0.010653369875568943], [-0.8245898445756578, -0.23900218770173226, 0.5127665575059266]], "fy": 2590.0725949481944, "fx": 2594.130896557771}, {"id": 14, "img_name": "2020_08_01__11_40_11", "width": 2390, "height": 2393, "position": [-1.6585248585789767, -0.19804548649147372, -0.5800959421657057], "rotation": [[0.3095212609254718, 0.17605778593805063, 0.9344518420152519], [-0.30238098897131505, 0.94992319010263, -0.07881415110227202], [-0.9015333197080599, -0.25816581670669303, 0.34725795101096063]], "fy": 2590.0725949481944, "fx": 2594.130896557771}, {"id": 15, "img_name": "2020_08_01__11_40_17", "width": 2390, "height": 2393, "position": [-1.7956882008261503, -0.10769003091464624, -0.33082890438601775], "rotation": [[0.3546403355655719, 0.08497952407721757, 0.9311330264132768], [-0.2770646493919282, 0.9606854826841588, 0.01784890521103969], [-0.8930091894528669, -0.2643139872339607, 0.3642426439960307]], "fy": 2590.0725949481944, "fx": 2594.130896557771}, {"id": 16, "img_name": "2020_08_01__11_40_24", "width": 2390, "height": 2393, "position": [-2.040092186203164, 0.015102569585444106, 0.051760843094108035], "rotation": [[0.7313645633740187, 0.1667494981171918, 0.661286987864116], [-0.2091599123929275, 0.9777628924330132, -0.01522685879657213], [-0.6491209490445627, -0.12717834351292864, 0.7499784413253446]], "fy": 2590.0725949481944, "fx": 2594.130896557771}, {"id": 17, "img_name": "2020_08_01__11_40_35", "width": 2390, "height": 2393, "position": [-2.2492641512877025, 0.14984381202032176, 0.4571932879329601], "rotation": [[-0.057147649529475514, 0.18293170590555605, 0.9814632632593737], [-0.3214736671468043, 0.9273395295446433, -0.19156220471456614], [-0.945192481711763, -0.3264619241479822, 0.005812451905633867]], "fy": 2590.0725949481944, "fx": 2594.130896557771}, {"id": 18, "img_name": "2020_08_01__11_40_38", "width": 2390, "height": 2393, "position": [-2.236702329811104, 0.15294177992661553, 0.48562724424965914], "rotation": [[0.8192040351080462, 0.09664862139687465, 0.5652997371702718], [-0.14744822233132596, 0.9880570177352531, 0.044747641674724066], [-0.5542235745563577, -0.12000988995162529, 0.8236709632612845]], "fy": 2590.0725949481944, "fx": 2594.130896557771}, {"id": 19, "img_name": "2020_08_01__11_40_47", "width": 2390, "height": 2393, "position": [-2.559788459474357, 0.25834668759951346, 0.8624458401526903], "rotation": [[-0.13776489259678265, 0.1734972593427671, 0.9751510320808492], [-0.28522104949338184, 0.9358847756760108, -0.2068058016201593], [-0.9485092447064976, -0.30662417983324713, -0.07944699521000016]], "fy": 2590.0725949481944, "fx": 2594.130896557771}, {"id": 20, "img_name": "2020_08_01__11_40_49", "width": 2390, "height": 2393, "position": [-2.5437291349036926, 0.26337641552529917, 0.8835276937328759], "rotation": [[0.580058729134864, 0.155483856908234, 0.7995977995188492], [-0.24330668594197175, 0.9698740509750802, -0.012090567444183043], [-0.7773890450285372, -0.18753425150123224, 0.6004141713713055]], "fy": 2590.0725949481944, "fx": 2594.130896557771}, {"id": 21, "img_name": "2020_08_01__11_41_02", "width": 2390, "height": 2393, "position": [-2.6900303242772083, 0.510280667501299, 1.4716136274836435], "rotation": [[-0.09941021597035075, 0.1970590936771269, 0.9753385681699852], [-0.2946645882889374, 0.9303994706733484, -0.21801285599538345], [-0.9504159033650682, -0.3090704427309445, -0.03442487561137586]], "fy": 2590.0725949481944, "fx": 2594.130896557771}, {"id": 22, "img_name": "2020_08_01__11_41_05", "width": 2390, "height": 2393, "position": [-2.6806558546113033, 0.513873351316899, 1.502312424380009], "rotation": [[0.6522914786090864, 0.14110561515616576, 0.7447180891487545], [-0.22058300584975862, 0.975331988660533, 0.008405321277343714], [-0.7251613368515017, -0.16975487405930367, 0.6673262457515461]], "fy": 2590.0725949481944, "fx": 2594.130896557771}, {"id": 23, "img_name": "2020_08_01__11_41_20", "width": 2390, "height": 2393, "position": [-2.397741572705109, 0.6651533318549042, 1.9755860105028042], "rotation": [[-0.33009346803123657, 0.1460390414235927, 0.9325829189638792], [-0.28456219845553854, 0.9266036376265603, -0.2458252508335486], [-0.9000348090897716, -0.3465231552397395, -0.2643086175466735]], "fy": 2590.0725949481944, "fx": 2594.130896557771}, {"id": 24, "img_name": "2020_08_01__11_41_22", "width": 2390, "height": 2393, "position": [-2.3901104114977736, 0.6615426453380567, 2.0123546473132956], "rotation": [[0.5138576463246888, 0.21861414593860418, 0.8295529968056201], [-0.27161513337882875, 0.9586980893858084, -0.08439900904395642], [-0.8137416903620288, -0.1819500717327021, 0.5520132541553805]], "fy": 2590.0725949481944, "fx": 2594.130896557771}, {"id": 25, "img_name": "2020_08_01__11_41_24", "width": 2390, "height": 2393, "position": [-2.391712086217036, 0.6667097780174724, 2.0284372772217085], "rotation": [[0.7946719012313112, 0.11398433990952589, 0.5962416788927144], [-0.18591272056331296, 0.9807141956719138, 0.06030030464548925], [-0.5778693881199805, -0.15876787037363999, 0.8005371531733293]], "fy": 2590.0725949481944, "fx": 2594.130896557771}, {"id": 26, "img_name": "2020_08_01__11_41_41", "width": 2390, "height": 2393, "position": [-2.7341899514418397, 0.9119963228077032, 2.7391649163912533], "rotation": [[-0.45990129999413365, 0.1617871027611754, 0.8731069394088278], [-0.23026550301581958, 0.9278975633799137, -0.2932301314573429], [-0.8575946550583075, -0.3359033272442592, -0.38948730706103724]], "fy": 2590.0725949481944, "fx": 2594.130896557771}, {"id": 27, "img_name": "2020_08_01__11_41_43", "width": 2390, "height": 2393, "position": [-2.720606254461661, 0.9101285038492547, 2.7552892752481255], "rotation": [[0.09850448993875939, 0.23222280073051976, 0.9676618398401262], [-0.286158659080726, 0.9379305606862176, -0.1959578657874144], [-0.953105496414235, -0.25760208491336173, 0.15884293674338665]], "fy": 2590.0725949481944, "fx": 2594.130896557771}, {"id": 28, "img_name": "2020_08_01__11_41_45", "width": 2390, "height": 2393, "position": [-2.7248094346289347, 0.9097659155469305, 2.776677182685534], "rotation": [[0.5733505157485755, 0.15873811569829288, 0.8037856659056555], [-0.24272604650864646, 0.9699202063030111, -0.018408143616523574], [-0.7825300329298072, -0.18454539828909183, 0.5946341257724748]], "fy": 2590.0725949481944, "fx": 2594.130896557771}, {"id": 29, "img_name": "2020_08_01__11_41_56", "width": 2393, "height": 2396, "position": [-2.1311000528841295, 0.9522056267968759, 3.1417586029510587], "rotation": [[-0.6733784347366094, 0.1641505723113498, 0.7208440006281043], [-0.22181499897842488, 0.8852574484196101, -0.40879989756090035], [-0.7052372578500624, -0.435171046402972, -0.559702215926172]], "fy": 2595.097271951533, "fx": 2598.0389559217356}, {"id": 30, "img_name": "2020_08_01__11_41_57", "width": 2393, "height": 2396, "position": [-2.1138364557765597, 0.9537562669744578, 3.1627749225023893], "rotation": [[-0.19445310763974163, 0.22962902976155314, 0.953655334814426], [-0.30096341762908896, 0.9113541367884851, -0.2808107166892561], [-0.9336000268735352, -0.3416198853247316, -0.10810570647496634]], "fy": 2595.097271951533, "fx": 2598.0389559217356}, {"id": 31, "img_name": "2020_08_01__11_42_05", "width": 2393, "height": 2396, "position": [-2.2559248648068904, 1.1103957602956416, 3.6674246960583754], "rotation": [[0.30112580972906455, 0.1152097799804546, 0.9465991513369694], [-0.29455489471479746, 0.9553678744213395, -0.022575174931904512], [-0.906951300078769, -0.2720274455280326, 0.321621529386519]], "fy": 2595.097271951533, "fx": 2598.0389559217356}, {"id": 32, "img_name": "2020_08_01__11_42_08", "width": 2393, "height": 2396, "position": [-2.257555338713725, 1.1154526334996844, 3.642129621782375], "rotation": [[-0.22895286123522277, 0.12235168132458153, 0.9657176882553473], [-0.29755655658095065, 0.9357881895120992, -0.18910462713893378], [-0.9268444761489879, -0.33065167540285606, -0.17784483851209168]], "fy": 2595.097271951533, "fx": 2598.0389559217356}, {"id": 33, "img_name": "2020_08_01__11_42_10", "width": 2393, "height": 2396, "position": [-2.2657209516325296, 1.1119950860438605, 3.630375994724002], "rotation": [[-0.5683604207447287, 0.1040426041260774, 0.8161749620378826], [-0.2547779449247773, 0.9209610385855076, -0.29482022350478354], [-0.7823392045083657, -0.37550752580230357, -0.4969300425160973]], "fy": 2595.097271951533, "fx": 2598.0389559217356}, {"id": 34, "img_name": "2020_08_01__11_42_20", "width": 2393, "height": 2396, "position": [-2.260172517967264, 1.2884650870346461, 4.150871392758548], "rotation": [[-0.7514370670331119, 0.051226691213487566, 0.6578131652650259], [-0.2137523745766396, 0.9243137296852235, -0.3161551066774648], [-0.6242213202474922, -0.37817979219242964, -0.6836137711645139]], "fy": 2595.097271951533, "fx": 2598.0389559217356}, {"id": 35, "img_name": "2020_08_01__11_42_23", "width": 2393, "height": 2396, "position": [-2.2480924865928613, 1.28579843470172, 4.175468616099994], "rotation": [[-0.23480214182542622, 0.16235089668121963, 0.95838934705108], [-0.2755219783063536, 0.9344018405738915, -0.22578937043686745], [-0.9321778766224529, -0.3170731566672393, -0.17466831325895013]], "fy": 2595.097271951533, "fx": 2598.0389559217356}, {"id": 36, "img_name": "2020_08_01__11_42_25", "width": 2393, "height": 2396, "position": [-2.2392122421427443, 1.292785181944674, 4.193782601524448], "rotation": [[0.29838786823316094, 0.056488699020603106, 0.9527715922372106], [-0.26655472763797555, 0.9634593346388267, 0.026356928333051085], [-0.9164678157279254, -0.2618303599284633, 0.30254190677427956]], "fy": 2595.097271951533, "fx": 2598.0389559217356}, {"id": 37, "img_name": "2020_08_01__11_42_45", "width": 2393, "height": 2396, "position": [-2.029261597336112, 1.5083057792739742, 4.742908499902387], "rotation": [[-0.8576990029836655, 0.08730264387094047, 0.5066859665058526], [-0.16500867912453682, 0.8866088488592653, -0.43208434933242407], [-0.4869543675688739, -0.45420589769133585, -0.7460378317538632]], "fy": 2595.097271951533, "fx": 2598.0389559217356}, {"id": 38, "img_name": "2020_08_01__11_45_13", "width": 2393, "height": 2396, "position": [4.858569095203375, 1.6616021218268302, 5.36754507932858], "rotation": [[-0.420159940694529, -0.17942824814167735, -0.8895342196927435], [0.259145478825942, 0.9157104745321848, -0.3071122720376281], [0.8696604193819809, -0.3595550453002287, -0.338246839393227]], "fy": 2595.097271951533, "fx": 2598.0389559217356}, {"id": 39, "img_name": "2020_08_01__11_45_15", "width": 2393, "height": 2396, "position": [4.853516476283744, 1.644077586121594, 5.336866294450953], "rotation": [[-0.8144613134109016, -0.11591575908628834, -0.5685211568204289], [0.15236415658205932, 0.9027254961607603, -0.4023329993554425], [0.5598552783943606, -0.41430690964158245, -0.7175735863848494]], "fy": 2595.097271951533, "fx": 2598.0389559217356}, {"id": 40, "img_name": "2020_08_01__11_45_22", "width": 2393, "height": 2396, "position": [4.965317127698101, 1.5108377278572798, 4.907546141586549], "rotation": [[-0.1479079789786354, -0.1336430519021443, -0.9799299793519619], [0.2749349922538168, 0.9462165624531534, -0.17054315281983984], [0.9500178839310602, -0.2946417343446415, -0.1032098279890652]], "fy": 2595.097271951533, "fx": 2598.0389559217356}, {"id": 41, "img_name": "2020_08_01__11_45_24", "width": 2393, "height": 2396, "position": [4.973931029915391, 1.5043395261958057, 4.886383961418185], "rotation": [[-0.6715749928259639, -0.12455268369527121, -0.7303928107498817], [0.21644682432199977, 0.9097912958026607, -0.35416178551989014], [0.7086168225858938, -0.39593740296418195, -0.5840340501051724]], "fy": 2595.097271951533, "fx": 2598.0389559217356}, {"id": 42, "img_name": "2020_08_01__11_45_38", "width": 2393, "height": 2396, "position": [5.64827012548281, 1.2910575842108745, 4.16106359004359], "rotation": [[-0.16947126592017672, -0.13052457143839905, -0.9768535336877451], [0.2845923906866757, 0.9424835601234238, -0.175305191196152], [0.9435500311009771, -0.307714275177313, -0.1225775822140638]], "fy": 2595.097271951533, "fx": 2598.0389559217356}, {"id": 43, "img_name": "2020_08_01__11_45_40", "width": 2393, "height": 2396, "position": [5.634665290410597, 1.2788653882052505, 4.132975566869701], "rotation": [[-0.6321861481741191, -0.10637689001272924, -0.7674794012401834], [0.2165877476720139, 0.9267816018425543, -0.3068641556853996], [0.7439290434007365, -0.3602219034947331, -0.5628585600552738]], "fy": 2595.097271951533, "fx": 2598.0389559217356}, {"id": 44, "img_name": "2020_08_01__11_45_53", "width": 2393, "height": 2396, "position": [5.395011737291667, 1.0995538356351777, 3.4100221874453918], "rotation": [[0.20943617149535657, -0.10521623134075266, -0.9721450687689654], [0.28789263668421605, 0.9567618366190128, -0.04152851709877689], [0.934480775517815, -0.27117583345840884, 0.23067151435701763]], "fy": 2595.097271951533, "fx": 2598.0389559217356}, {"id": 45, "img_name": "2020_08_01__11_45_55", "width": 2393, "height": 2396, "position": [5.375590627556483, 1.0749745021756425, 3.3816501729157786], "rotation": [[-0.46770903600496555, -0.13291037859914728, -0.8738324146539409], [0.23880120281775527, 0.932863008790452, -0.26970463912068415], [0.8510124812081776, -0.33481552844970686, -0.40456930028963434]], "fy": 2595.097271951533, "fx": 2598.0389559217356}, {"id": 46, "img_name": "2020_08_01__11_46_05", "width": 2393, "height": 2396, "position": [4.935745896034573, 0.9424132807102616, 2.902291252014245], "rotation": [[0.40040222408682075, -0.0754248021094116, -0.9132300685879126], [0.2665535468259296, 0.9630970752243163, 0.03732600124423535], [0.8767139018065381, -0.25837012776465434, 0.4057309594522358]], "fy": 2595.097271951533, "fx": 2598.0389559217356}, {"id": 47, "img_name": "2020_08_01__11_46_07", "width": 2393, "height": 2396, "position": [4.915009801934846, 0.9232388820200271, 2.8778156787534184], "rotation": [[-0.22758526667218607, -0.14210919696382812, -0.9633327164235862], [0.2937096953679975, 0.9332008817467955, -0.20705247922650336], [0.9284070019342745, -0.3300622523786981, -0.1706439225818269]], "fy": 2595.097271951533, "fx": 2598.0389559217356}, {"id": 48, "img_name": "2020_08_01__11_46_09", "width": 2393, "height": 2396, "position": [4.911666697852101, 0.9166142694539879, 2.865214299835595], "rotation": [[-0.5924192952940268, -0.10027678394740852, -0.7993647134847105], [0.24828397784071995, 0.9212027697868853, -0.2995672266529828], [0.7664166261968207, -0.3759388561164374, -0.520841176896515]], "fy": 2595.097271951533, "fx": 2598.0389559217356}, {"id": 49, "img_name": "2020_08_01__11_46_31", "width": 2393, "height": 2396, "position": [5.430411018049655, 0.6439671063612437, 1.821891286553588], "rotation": [[0.43940025872807925, -0.14436900276202325, -0.8866143488976455], [0.29553425535475925, 0.9552889291672184, -0.00908656824424009], [0.8482846907386723, -0.2580322709508409, 0.4624201883637293]], "fy": 2595.097271951533, "fx": 2598.0389559217356}, {"id": 50, "img_name": "2020_08_01__11_46_33", "width": 2393, "height": 2396, "position": [5.403422919276061, 0.6265644419727225, 1.7993722882367584], "rotation": [[-0.22490019363513733, -0.20640020331686987, -0.9522703707317749], [0.3080158553755389, 0.9121324025886672, -0.270445397418962], [0.9244166461829603, -0.35413759503698555, -0.14156421878874353]], "fy": 2595.097271951533, "fx": 2598.0389559217356}, {"id": 51, "img_name": "2020_08_01__11_46_47", "width": 2393, "height": 2396, "position": [6.001143867953402, 0.43403595733051564, 1.0879778396986355], "rotation": [[0.414652752857945, -0.10709251198266367, -0.9036560675525678], [0.2682501429967723, 0.9633079240145778, 0.008927727198770379], [0.8695429577252288, -0.2461077760006121, 0.4281658641957498]], "fy": 2595.097271951533, "fx": 2598.0389559217356}, {"id": 52, "img_name": "2020_08_01__11_46_50", "width": 2393, "height": 2396, "position": [5.981622794683083, 0.4134379550734332, 1.0559083928903008], "rotation": [[-0.14108913892669525, -0.16882325168831122, -0.9754960607641161], [0.28455259568162844, 0.9368575929041015, -0.20329208274987068], [0.9482213218272255, -0.3062622410734267, -0.0841413366004542]], "fy": 2595.097271951533, "fx": 2598.0389559217356}, {"id": 53, "img_name": "2020_08_01__11_47_01", "width": 2393, "height": 2396, "position": [5.32460475044624, 0.18350991422480759, 0.31720529620679083], "rotation": [[-0.05754308458227182, -0.2220014608585075, -0.9733468779389214], [0.3066836889530086, 0.9238895438225797, -0.2288519734358431], [0.950070475463232, -0.3116784596214409, 0.014920772804184865]], "fy": 2595.097271951533, "fx": 2598.0389559217356}, {"id": 54, "img_name": "2020_08_01__11_47_03", "width": 2393, "height": 2396, "position": [5.340121944591317, 0.19939492818368473, 0.34107592789109703], "rotation": [[0.4738417119881503, -0.17181468925584076, -0.8636861377468424], [0.27391452654651627, 0.9608850987241522, -0.04087369810372093], [0.8369258414739844, -0.21720851642096162, 0.5023699794646055]], "fy": 2595.097271951533, "fx": 2598.0389559217356}, {"id": 55, "img_name": "2020_08_01__11_47_12", "width": 2393, "height": 2396, "position": [4.868495990834844, -0.007340070060759438, -0.327069471634767], "rotation": [[0.11122012984362672, -0.21159799632758836, -0.9710079148326836], [0.2906620771687521, 0.9412712953942884, -0.17182521748190627], [0.9503397495703906, -0.2631247544738196, 0.16619182882915434]], "fy": 2595.097271951533, "fx": 2598.0389559217356}, {"id": 56, "img_name": "2020_08_01__11_47_14", "width": 2393, "height": 2396, "position": [4.880328919428241, 0.0023261765161475844, -0.3063881155533214], "rotation": [[0.6300894512431172, -0.13059535279593176, -0.7654620416847938], [0.22627730725816872, 0.9738552974916943, 0.02011068788868024], [0.7428229019437536, -0.18587822189667544, 0.6431667147578383]], "fy": 2595.097271951533, "fx": 2598.0389559217356}, {"id": 57, "img_name": "2020_08_01__11_47_22", "width": 2393, "height": 2396, "position": [4.668137166797856, -0.19006286821288432, -0.8701932405766318], "rotation": [[0.1514708918220482, -0.20221921135374848, -0.967555662217994], [0.2903348169703356, 0.9447750169068639, -0.15200612317744477], [0.9448609754802211, -0.2578905930585734, 0.20181719209834953]], "fy": 2595.097271951533, "fx": 2598.0389559217356}, {"id": 58, "img_name": "2020_08_01__11_47_25", "width": 2393, "height": 2396, "position": [4.685310730653779, -0.1794966654341643, -0.8488354979816569], "rotation": [[0.5876347815835272, -0.14213420185158127, -0.7965445575341621], [0.23661299343249906, 0.9716032559214592, 0.0011850830061021537], [0.77375684475951, -0.18916918815397282, 0.6045786660484924]], "fy": 2595.097271951533, "fx": 2598.0389559217356}, {"id": 59, "img_name": "2020_08_01__11_47_31", "width": 2393, "height": 2396, "position": [4.430117613894811, -0.31354609338262973, -1.2360195526173594], "rotation": [[0.22746015736822658, -0.18110804049128792, -0.9567976559750903], [0.2749036800268822, 0.9545302116361933, -0.11532580709208892], [0.934178699991441, -0.23679517043886295, 0.2669048589650078]], "fy": 2595.097271951533, "fx": 2598.0389559217356}, {"id": 60, "img_name": "2020_08_01__11_47_32", "width": 2393, "height": 2396, "position": [4.449121623189529, -0.30659036806872075, -1.2240800113370127], "rotation": [[0.709680699494252, -0.10475583697080691, -0.6966918396148292], [0.1961317167432171, 0.9791679708849523, 0.05255886681049549], [0.6766724868447863, -0.17394337990734418, 0.7154425526439574]], "fy": 2595.097271951533, "fx": 2598.0389559217356}, {"id": 61, "img_name": "2020_08_01__11_47_41", "width": 2393, "height": 2396, "position": [4.272684792668123, -0.4951307825340465, -1.8606657871151362], "rotation": [[0.7915026284807857, -0.05964166065459509, -0.6082486838640669], [0.17722653614352799, 0.9748626571909665, 0.13503167962050555], [0.5849054145710862, -0.21467573670289386, 0.7821764405020746]], "fy": 2595.097271951533, "fx": 2598.0389559217356}, {"id": 62, "img_name": "2020_08_01__11_47_43", "width": 2393, "height": 2396, "position": [4.2478544787876515, -0.5037849944930696, -1.867794649678536], "rotation": [[0.4991963813416958, -0.1360310902242908, -0.8557444217450365], [0.25871246614321686, 0.9659507960923671, -0.0026304734586481433], [0.8269648316086066, -0.22007862690618696, 0.5173920807875168]], "fy": 2595.097271951533, "fx": 2598.0389559217356}, {"id": 63, "img_name": "2020_08_01__11_47_51", "width": 2393, "height": 2396, "position": [3.786957324386326, -0.6910267215745023, -2.50158960168794], "rotation": [[0.9214966630979707, -0.061022315465373976, -0.38356248110907465], [0.1475750931266076, 0.968523585233549, 0.2004586160159382], [0.35925686046055955, -0.24132621461746884, 0.9014966258120023]], "fy": 2595.097271951533, "fx": 2598.0389559217356}, {"id": 64, "img_name": "2020_08_01__11_48_05", "width": 2393, "height": 2396, "position": [2.919390884917899, -0.8940971138367824, -3.119376638851737], "rotation": [[0.8856342343549841, -0.11361979652899358, -0.4502694135461248], [0.14113332048594068, 0.9895978767922167, 0.027882397618378067], [0.4424176632855811, -0.08824162331375526, 0.8924572970892666]], "fy": 2595.097271951533, "fx": 2598.0389559217356}, {"id": 65, "img_name": "2020_08_01__11_48_20", "width": 2393, "height": 2396, "position": [4.581626874525499, -0.9816254422239263, -3.57679821947217], "rotation": [[0.7849512598399483, -0.04860665568517683, -0.617647887310222], [0.18173069490438537, 0.9711301783574676, 0.1545319747267937], [0.5923052204777934, -0.23354564801446387, 0.7711231782849333]], "fy": 2595.097271951533, "fx": 2598.0389559217356}, {"id": 66, "img_name": "2020_08_01__11_48_26", "width": 2393, "height": 2396, "position": [4.215964047122147, -0.934404929533078, -3.37112150603325], "rotation": [[0.7688716053884189, -0.07307260289921631, -0.635214018369375], [0.1701547986642171, 0.9810089675238278, 0.09310612294244085], [0.6163471415679439, -0.17967136762257532, 0.7667035937946673]], "fy": 2595.097271951533, "fx": 2598.0389559217356}, {"id": 67, "img_name": "2020_08_01__11_48_33", "width": 2393, "height": 2396, "position": [3.5771916504764585, -0.9373371927334441, -3.2813843775126363], "rotation": [[0.8095567821444452, -0.10746025528179116, -0.5771222660916001], [0.170999638432536, 0.9836373481867601, 0.0567158788000373], [0.5615843125834921, -0.14460242317088198, 0.814685951194223]], "fy": 2595.097271951533, "fx": 2598.0389559217356}, {"id": 68, "img_name": "2020_08_01__11_48_41", "width": 2393, "height": 2396, "position": [3.0807868048761304, -1.06500550610329, -3.432623878306822], "rotation": [[0.8949820768741069, -0.08882646435620026, -0.4371692364566461], [0.1350508920273476, 0.9879393172098531, 0.07574405635788659], [0.42516860024786396, -0.12682966822043523, 0.8961840751890018]], "fy": 2595.097271951533, "fx": 2598.0389559217356}, {"id": 69, "img_name": "2020_08_01__11_48_48", "width": 2393, "height": 2396, "position": [2.801332313879648, -0.8528507964030251, -2.9396436704385467], "rotation": [[0.878340466151541, -0.11122646142828975, -0.4649157986117862], [0.1417198595113513, 0.9894201943900327, 0.031034824846822236], [0.456545186088712, -0.09314694418675931, 0.8848107932478515]], "fy": 2595.097271951533, "fx": 2598.0389559217356}, {"id": 70, "img_name": "2020_08_01__11_48_56", "width": 2393, "height": 2396, "position": [2.429508421331823, -0.8014325854480628, -2.6930052535202313], "rotation": [[0.8956031732276057, -0.12230228515410126, -0.42771147652445385], [0.1308728929501633, 0.9913542754385302, -0.009433263518115739], [0.42516731059137014, -0.04752737754002447, 0.9038660887480343]], "fy": 2595.097271951533, "fx": 2598.0389559217356}, {"id": 71, "img_name": "2020_08_01__11_49_02", "width": 2393, "height": 2396, "position": [2.008879798700399, -0.796557619165611, -2.5889317842630377], "rotation": [[0.9384125504842792, -0.09124839651133355, -0.3332500791113194], [0.11078735857982056, 0.9930362780197761, 0.0400638454911169], [0.3272736565513584, -0.07451631144078642, 0.9419868752040886]], "fy": 2595.097271951533, "fx": 2598.0389559217356}, {"id": 72, "img_name": "2020_08_01__11_49_09", "width": 2393, "height": 2396, "position": [1.6928454685119019, -0.7620420501040192, -2.4721988798833934], "rotation": [[0.9416973818793039, -0.10390172436442381, -0.3200163630750212], [0.10588381009445817, 0.9943148558415248, -0.011251053849696893], [0.31936602781376916, -0.023289463861312098, 0.9473452069607506]], "fy": 2595.097271951533, "fx": 2598.0389559217356}, {"id": 73, "img_name": "2020_08_01__11_49_29", "width": 2393, "height": 2396, "position": [1.3733560268913905, -0.7536199046770177, -2.405892866588737], "rotation": [[0.9814840027454832, -0.08127213059088889, -0.1734473786020468], [0.07627267899044153, 0.9964616383344165, -0.035308380981167946], [0.1757032463966597, 0.021425314866011725, 0.9842100005022135]], "fy": 2595.097271951533, "fx": 2598.0389559217356}, {"id": 74, "img_name": "2020_08_01__11_49_35", "width": 2393, "height": 2396, "position": [0.7938031408196279, -0.7679528304965924, -2.3739057126141576], "rotation": [[0.995356114030691, -0.024088772603287314, -0.0931983760383685], [0.025852164600012644, 0.9995080056554414, 0.017759848427721762], [0.09272471001419134, -0.020086753474588995, 0.9954891513661188]], "fy": 2595.097271951533, "fx": 2598.0389559217356}, {"id": 75, "img_name": "2020_08_01__11_50_00", "width": 2393, "height": 2396, "position": [0.315093235968497, -0.6928444284109156, -2.1390655367967994], "rotation": [[0.924190031556494, 0.059950893716201305, 0.37719845693511933], [-0.07566702395474571, 0.9967683014329923, 0.02697136897191638], [-0.3743625075477488, -0.05346815501788005, 0.9257396336668025]], "fy": 2595.097271951533, "fx": 2598.0389559217356}, {"id": 76, "img_name": "2020_08_01__11_50_03", "width": 2393, "height": 2396, "position": [0.28580834976136177, -0.6893332721642925, -2.1207654798720474], "rotation": [[0.9873759385478404, -0.04127645951906798, -0.15292158077374776], [0.057075621655093674, 0.9933076996815382, 0.1004100949409752], [0.14775361041089904, -0.10787060601916443, 0.9831240018266274]], "fy": 2595.097271951533, "fx": 2598.0389559217356}, {"id": 77, "img_name": "2020_08_01__11_50_12", "width": 2393, "height": 2396, "position": [0.3832224280697817, -0.5282597397223581, -1.5935548400358357], "rotation": [[0.8068048822274706, 0.09433749452951723, 0.5832377895334037], [-0.13416705789107042, 0.9906340976657565, 0.025363066037180252], [-0.5753825532554594, -0.09871434377964287, 0.8119054105875775]], "fy": 2595.097271951533, "fx": 2598.0389559217356}, {"id": 78, "img_name": "2020_08_01__11_50_14", "width": 2393, "height": 2396, "position": [0.3499244701316752, -0.5204762737153575, -1.5712379205932314], "rotation": [[0.9987421210531368, -0.0253697022959998, -0.043249899880742924], [0.03201180307839714, 0.9865070509700953, 0.1605586585954056], [0.03859300581649307, -0.1617412025171646, 0.9860782744338047]], "fy": 2595.097271951533, "fx": 2598.0389559217356}, {"id": 79, "img_name": "2020_08_01__11_50_16", "width": 2393, "height": 2396, "position": [0.3573116085476255, -0.5397976898327445, -1.5969234441446618], "rotation": [[0.9632565534645394, 0.1294925474351152, 0.23530510484556255], [-0.06514277856811747, 0.9625796611011119, -0.26305287383888065], [-0.2605632948211278, 0.23805897629208034, 0.9356466711311086]], "fy": 2595.097271951533, "fx": 2598.0389559217356}, {"id": 80, "img_name": "2020_08_01__11_50_30", "width": 2393, "height": 2396, "position": [0.04550836102124178, -0.4765298981098325, -1.4427557928826518], "rotation": [[0.9987498694652824, -0.01286956045539627, -0.048301890819783366], [0.022477486775801053, 0.9787119062297354, 0.2040043313079436], [0.04464818956380046, -0.20483500437630875, 0.9777776639660124]], "fy": 2595.097271951533, "fx": 2598.0389559217356}, {"id": 81, "img_name": "2020_08_01__11_50_33", "width": 2393, "height": 2396, "position": [0.07279607255283721, -0.4857005599260131, -1.4630130266457781], "rotation": [[0.7920462005412936, 0.09864951870221757, 0.6024376222215222], [-0.16773997623759282, 0.9840403203573886, 0.05939653426538863], [-0.5869634712483499, -0.1480976717262919, 0.7959528648414673]], "fy": 2595.097271951533, "fx": 2598.0389559217356}, {"id": 82, "img_name": "2020_08_01__11_50_39", "width": 2393, "height": 2396, "position": [-0.21712375961357908, -0.44887864370056746, -1.2792216116931274], "rotation": [[0.9999327055518552, -0.0055638008891552675, -0.010179807827876928], [0.007034439112608013, 0.9885586266457925, 0.1506730179911305], [0.009225022174373345, -0.15073448777187776, 0.9885312403571432]], "fy": 2595.097271951533, "fx": 2598.0389559217356}, {"id": 83, "img_name": "2020_08_01__11_50_41", "width": 2393, "height": 2396, "position": [-0.18897513662441767, -0.4531248512879723, -1.2967387170616451], "rotation": [[0.8186823020926762, 0.09404951291088529, 0.566492698418489], [-0.14393022223405533, 0.9886147629907118, 0.04387415554143522], [-0.5559167018249149, -0.11745441463837715, 0.82289797734231]], "fy": 2595.097271951533, "fx": 2598.0389559217356}, {"id": 84, "img_name": "2020_08_01__11_50_44", "width": 2393, "height": 2396, "position": [-0.1873323607811587, -0.45822917103213584, -1.314880730597994], "rotation": [[0.6620022445646767, 0.29763786719740143, 0.6878697029245525], [-0.1986049554471826, 0.9546232800262114, -0.2219244576512921], [-0.7227095542907627, 0.010300157386156455, 0.6910751094451802]], "fy": 2595.097271951533, "fx": 2598.0389559217356}, {"id": 85, "img_name": "2020_08_01__11_50_45", "width": 2393, "height": 2396, "position": [-0.19380753789882216, -0.45951912797314287, -1.3145325309769114], "rotation": [[0.6872712526468642, 0.3853429277497861, 0.6157670446836477], [-0.2140046159457945, 0.917483546963217, -0.335299814204672], [-0.6941615443389983, 0.09866493341110485, 0.713025231864819]], "fy": 2595.097271951533, "fx": 2598.0389559217356}, {"id": 86, "img_name": "2020_08_01__11_50_54", "width": 2393, "height": 2396, "position": [-0.36338265849617196, -0.3371445432438626, -0.9429474987711632], "rotation": [[0.9993317744571641, -0.02241603005960884, 0.02887085306432986], [0.01634272617080881, 0.9805413591110046, 0.19563117945268743], [-0.03269433990160028, -0.19502862525565406, 0.9802524753701406]], "fy": 2595.097271951533, "fx": 2598.0389559217356}, {"id": 87, "img_name": "2020_08_01__11_50_57", "width": 2393, "height": 2396, "position": [-0.34022346051190716, -0.33569739258228626, -0.9575584159474184], "rotation": [[0.7530278743624709, 0.08359361424628582, 0.6526569758229677], [-0.1726164948716916, 0.9822539203323374, 0.07335381169349951], [-0.6349429628961565, -0.16789682441605996, 0.754094218396914]], "fy": 2595.097271951533, "fx": 2598.0389559217356}, {"id": 88, "img_name": "2020_08_01__11_50_59", "width": 2393, "height": 2396, "position": [-0.3233829230186556, -0.34260920834304553, -0.9798829822471927], "rotation": [[0.37335021398613244, 0.15662068858575248, 0.914373871905488], [-0.23930663567631105, 0.9685467149796552, -0.06818793898780012], [-0.8962934518548008, -0.19335775342365605, 0.3990874933559835]], "fy": 2595.097271951533, "fx": 2598.0389559217356}, {"id": 89, "img_name": "2020_08_01__11_51_09", "width": 2393, "height": 2396, "position": [-0.561628038900804, -0.2456545480577499, -0.6622611102532383], "rotation": [[0.3134168191549276, 0.41667786960336295, 0.853316735130403], [-0.2699508440162608, 0.900612758344423, -0.340621786329293], [-0.9104374988354311, -0.12359697605545598, 0.3947497285929798]], "fy": 2595.097271951533, "fx": 2598.0389559217356}, {"id": 90, "img_name": "2020_08_01__11_51_11", "width": 2393, "height": 2396, "position": [-0.5432941775682019, -0.2372267424985255, -0.6556164821992942], "rotation": [[0.3904093339181969, 0.115693012492384, 0.9133431331378074], [-0.25037111881881424, 0.9680242775608304, -0.015598106110926067], [-0.8859429185060202, -0.22258509589204217, 0.40689190239640466]], "fy": 2595.097271951533, "fx": 2598.0389559217356}, {"id": 91, "img_name": "2020_08_01__11_51_13", "width": 2393, "height": 2396, "position": [-0.5626541210190096, -0.2329677019384771, -0.6406440122230219], "rotation": [[0.8411166885492789, 0.09449511912637062, 0.5325348708818877], [-0.15069082404605447, 0.9865747871812726, 0.06294811233506281], [-0.5194371875330228, -0.1331948263241469, 0.8440640653696045]], "fy": 2595.097271951533, "fx": 2598.0389559217356}, {"id": 92, "img_name": "2020_08_01__11_51_15", "width": 2393, "height": 2396, "position": [-0.5825798304686114, -0.23144622537521006, -0.6245582591415103], "rotation": [[0.9971195660655144, -0.007750891218292078, 0.07544862261593953], [-0.002087993089718526, 0.9915823651917873, 0.12946062461427493], [-0.07581695888241329, -0.12924525804060713, 0.9887099938909485]], "fy": 2595.097271951533, "fx": 2598.0389559217356}, {"id": 93, "img_name": "2020_08_01__11_51_24", "width": 2393, "height": 2396, "position": [-0.8116936978999663, -0.15928093733026286, -0.38546797620607925], "rotation": [[0.9986586100124607, -0.004159572221876504, 0.051610838076037974], [-0.0025152810552896785, 0.9916939198632386, 0.12859565571004805], [-0.0517170572363985, -0.12855297454829778, 0.9903532090752228]], "fy": 2595.097271951533, "fx": 2598.0389559217356}, {"id": 94, "img_name": "2020_08_01__11_51_27", "width": 2393, "height": 2396, "position": [-0.7957923855435186, -0.1664211442251226, -0.40477498634607784], "rotation": [[0.8719659759617044, 0.07893089180923693, 0.4831617235288313], [-0.1168290469501763, 0.9919526952744293, 0.04879368941275939], [-0.47542224448785086, -0.09899376069224698, 0.8741704209078114]], "fy": 2595.097271951533, "fx": 2598.0389559217356}, {"id": 95, "img_name": "2020_08_01__11_51_29", "width": 2393, "height": 2396, "position": [-0.7869573903543964, -0.17196701536625872, -0.4312674852596439], "rotation": [[0.35031834685666796, 0.2032991293071464, 0.9143011100718227], [-0.26511846236462977, 0.9577611306944572, -0.11138140528961261], [-0.898325807693971, -0.20337915466888615, 0.38941964855043404]], "fy": 2595.097271951533, "fx": 2598.0389559217356}, {"id": 96, "img_name": "2020_08_01__11_51_31", "width": 2393, "height": 2396, "position": [-0.7925184644181238, -0.17978333932221371, -0.4441477491090935], "rotation": [[0.06639398460347792, 0.4084140312837719, 0.9103789419022231], [-0.28561206110025744, 0.881993810144646, -0.3748501959724616], [-0.956042671308418, -0.2351274078389592, 0.17520705670832953]], "fy": 